position: 
  x: -0.07709160562025495
  y: -0.18654730598243788
  z: 0.766670465399441
orientation: 
  x: 0.3133501747562499
  y: 0.8212015277100263
  z: -0.47690622821539114
  w: -0.0004103124612647255