position: 
  x: -0.016331537131303503
  y: -0.0878708521941445
  z: 0.6822870225167467
orientation: 
  x: 0.8561580287448987
  y: 0.3448927432830164
  z: -0.11942761518236289
  w: 0.36575875953723663

