position: 
  x: 0.07323628335259548
  y: -0.062289039497219666
  z: 0.8067047833417521
orientation: 
  x: 0.8854853121286393
  y: -0.28101381777087475
  z: 0.16320202788368257
  w: 0.33213264567178163

