position: 
  x: -0.006848024436014415
  y: -0.1921098248727863
  z: 0.8030166349897694
orientation: 
  x: -0.1058552811058663
  y: 0.8920549585662898
  z: -0.42995589682292423
  w: -0.09039102359464721